17.14934 -7.309796 -26.90923 0.0943027 0.9774533 -0.1889236 0.3080443 0.1518071 0.9391823
18.90391 -7.563773 -27.44367 0.04462761 0.9837948 -0.1736557 0.3080442 0.1518071 0.9391823
20.88478 -7.654947 -28.07864 -0.0673804 0.9881895 -0.1376283 0.3080442 0.151807 0.9391823
22.42099 -7.603145 -28.59088 -0.1045854 0.9866076 -0.1251696 0.3080442 0.1518071 0.9391823
24.39101 -7.478841 -29.25711 -0.1045854 0.9866076 -0.1251696 0.3080442 0.1518071 0.9391823
25.70436 -7.395971 -29.70127 -0.1045854 0.9866076 -0.1251696 0.3080442 0.1518071 0.9391823
27.45549 -7.285479 -30.29348 -0.1045854 0.9866076 -0.1251696 0.3080442 0.1518071 0.9391823
28.98773 -7.188797 -30.81166 -0.1045854 0.9866076 -0.1251696 0.3080442 0.1518071 0.9391823
30.51997 -7.092116 -31.32984 -0.1045854 0.9866076 -0.1251696 0.3080442 0.1518071 0.9391823
31.61442 -7.023058 -31.69997 -0.1045854 0.9866076 -0.1251696 0.3080442 0.1518071 0.9391823
32.92777 -6.940189 -32.14413 -0.1045854 0.9866076 -0.1251696 0.3080442 0.1518071 0.9391823
34.46001 -6.843508 -32.66233 -0.1045854 0.9866076 -0.1251696 0.3080442 0.1518071 0.9391823
35.99224 -6.746827 -33.18052 -0.1045854 0.9866076 -0.1251696 0.3080442 0.1518071 0.9391823
37.52448 -6.650146 -33.69872 -0.1045854 0.9866076 -0.1251696 0.3080442 0.1518071 0.9391823
39.27561 -6.539653 -34.29094 -0.1045854 0.9866076 -0.1251696 0.3080442 0.1518071 0.9391823
40.80785 -6.442972 -34.80914 -0.1045854 0.9866076 -0.1251696 0.3080442 0.1518071 0.9391823
42.77787 -6.318667 -35.47539 -0.1045854 0.9866076 -0.1251696 0.3080442 0.1518071 0.9391823
44.09122 -6.235798 -35.91956 -0.1045854 0.9866076 -0.1251696 0.3080442 0.1518071 0.9391823
45.84235 -6.125305 -36.51178 -0.1045854 0.9866076 -0.1251696 0.3080442 0.1518071 0.9391823
47.37458 -6.028624 -37.02998 -0.1045854 0.9866076 -0.1251696 0.3080442 0.1518071 0.9391823
51.53352 -5.766204 -38.43651 -0.1045854 0.9866076 -0.1251696 0.3080442 0.1518071 0.9391823
