1.647281 53.01705 -70.79719 -0.9708666 0.1384763 -0.1955571 -0.1338664 0.3634379 0.9219505
9.596412 69.76775 -76.24627 -0.8554598 0.4272597 -0.2926401 -0.1338665 0.3634378 0.9219506
17.01031 83.93704 -80.75546 -0.9522806 0.2103315 -0.2211841 -0.1338665 0.3634375 0.9219507
17.85075 99.32083 -86.69779 -0.9730186 -0.2246191 -0.05273575 -0.1338666 0.363437 0.9219508
10.70796 119.7896 -95.80382 -0.8478349 -0.5236725 0.08332863 -0.1338666 0.3634364 0.9219511
1.381003 131.5788 -101.8055 -0.8673246 -0.4930187 0.06841511 -0.1338664 0.3634365 0.921951
-2.832309 153.8985 -111.2158 -0.9900036 -0.007346869 -0.1408513 -0.1338663 0.3634358 0.9219514
-9.471216 184.8928 -124.3978 -0.9832259 -0.1650051 -0.07771792 -0.1338663 0.3634351 0.9219515
-13.71729 215.8044 -137.1997 -0.860975 -0.5033239 0.07339828 -0.1338664 0.3634346 0.9219518
-27.6843 232.7151 -145.894 -0.7314456 -0.6639292 0.1555166 -0.1338663 0.3634343 0.9219519
-48.57381 246.3655 -154.308 -0.5658444 -0.7917928 0.2299655 -0.1338664 0.3634343 0.9219519
-68.93906 259.9511 -162.6202 -0.7571318 -0.63776 0.1414708 -0.1338664 0.3634341 0.921952
